  321     1  
  322     1  
  323     1  
  324     1  
  325     1  
  326     1  
  327     1  
  328     1  
  329     1  
  330     1  
  331     1  
  332     1  
  333     1  
  334     1  
  335     1  
  336     1  
  337     1  
  338     1  
  339     1  
  340     1  
  341     1  
  342     1  
  343     1  
  344     1  
  345     1  
  346     1  
  347     1  
  348     1  
  349     1  
  350     1  
  351     1  
  352     1  
    1     2  
    3     2  
    6     2  
   10     2  
   14     2  
   15     2  
   19     2  
   24     2  
   29     2  
   32     2  
   41     2  
   52     2  
   64     2  
   66     2  
   70     2  
   74     2  
   78     2  
   85     2  
   97     2  
   99     2  
  102     2  
  106     2  
  110     2  
  117     2  
  129     2  
  131     2  
  134     2  
  138     2  
  142     2  
  148     2  
  161     2  
  163     2  
  166     2  
  170     2  
  174     2  
  180     2  
  193     2  
  195     2  
  198     2  
  202     2  
  206     2  
  212     2  
  225     2  
  227     2  
  230     2  
  234     2  
  238     2  
  245     2  
  257     2  
  259     2  
  262     2  
  266     2  
  270     2  
  276     2  
  289     2  
  291     2  
  294     2  
  298     2  
  302     2  
  308     2  
  321     2  
  323     2  
  326     2  
  330     2  
  334     2  
  340     2  
