  541     1  
  542     1  
  543     1  
  544     1  
  545     1  
  546     1  
  547     1  
  548     1  
  549     1  
  550     1  
  551     1  
  552     1  
  553     1  
  554     1  
  555     1  
  556     1  
  557     1  
  558     1  
  559     1  
  560     1  
  561     1  
  562     1  
  563     1  
  564     1  
  565     1  
  566     1  
  567     1  
  568     1  
  569     1  
  570     1  
  571     1  
  572     1  
  573     1  
  574     1  
  575     1  
  576     1  
   43     2  
   47     2  
   52     2  
   58     2  
   64     2  
   68     2  
   70     2  
   78     2  
   80     2  
   89     2  
   93     2  
   95     2  
   98     2  
  100     2  
  101     2  
  104     2  
  114     2  
  123     2  
  132     2  
  135     2  
  137     2  
  140     2  
  142     2  
  145     2  
  168     2  
  171     2  
  173     2  
  176     2  
  178     2  
  180     2  
  204     2  
  207     2  
  209     2  
  212     2  
  214     2  
  216     2  
  240     2  
  243     2  
  245     2  
  248     2  
  250     2  
  252     2  
  276     2  
  279     2  
  281     2  
  284     2  
  286     2  
  288     2  
  312     2  
  315     2  
  317     2  
  320     2  
  322     2  
  324     2  
  348     2  
  351     2  
  353     2  
  356     2  
  358     2  
  360     2  
  384     2  
  387     2  
  389     2  
  392     2  
  394     2  
  396     2  
  420     2  
  423     2  
  425     2  
  428     2  
  430     2  
  432     2  
  456     2  
  459     2  
  461     2  
  464     2  
  466     2  
  468     2  
  492     2  
  495     2  
  497     2  
  500     2  
  502     2  
  504     2  
  528     2  
  531     2  
  533     2  
  536     2  
  538     2  
  540     2  
  564     2  
  567     2  
  569     2  
  572     2  
  574     2  
  576     2  
